nNodes	12
wTime	40
wInco	40
Network
     1     3    -8     4     5
     1     4    11    13     4
     1    10     5    25     1
     1     8    13    20    10
     1     3    15    27    10
     1     4     6     9     8
     1     9    -8    29    10
     2     8     2    29     3
     2     6    -6    16    10
     2     5     6    22     9
     2     3    11    13     3
     2     3     6    28     7
     2     5    14     3     5
     3     1    -6    20     2
     3     2     8    24     9
     3     7    -8    10     9
     3     5    -1     6     2
     3     1     4    16     8
     3     2     4     1     5
     3     8     7    13     1
     3    11    11     3     8
     3     4     4     5     9
     3     5    -8    20     6
     3     6    13    26     6
     3     8     2     7     8
     3    10     7    16     5
     3    11    11    25     7
     4     1     9    23     5
     4     5    10    30     2
     4     7     6    24     3
     4     3     8    18    10
     4     6     2    28     5
     4     1     8     7     8
     4    11     0     6     7
     4     8     6    14     1
     4    11    14    30     7
     5     2    13    17     8
     5     3     5    10     4
     5     4    -7    19     2
     5     2     9     6     1
     5     3    -6     2     4
     5     7    15    14     7
     5    10     7    21     9
     5     6    -2    26    10
     6     2    13    14     4
     6     4    -3    12     5
     6     3     3    19     7
     6     5    -7    18     1
     6    11    -1    15     3
     6     8    15     3     5
     6     9    14    25     8
     6    10    -5    11     5
     6     7     7     8     5
     6     8    -8     7     3
     6    10    11    22     8
     7     3     5    24     1
     7     4    -7    27    10
     7     5     8    15    10
     7     9    -1     8     8
     7    11     0     2    10
     7     6    12    15     4
     7    10    -6    22     8
     7     8    14    12     5
     7     9    -8     2     3
     7    10     7    13     4
     8     1    13    12     6
     8     2     6     9     2
     8     3    -7    21     4
     8     6    15    28     5
     8     7     8    18     5
     8     3    11    21     7
     8     4     1    16     6
     8     6     8     7     7
     8     9     2    25     6
     8    12    14    21    10
     8    10    12    15     2
     8     9    -2    10     4
     8    10     3    25     9
     8    11    -8    21     6
     9     6    12    15     6
     9     7     5    10     5
     9     8    14    14    10
     9     1    12     3     3
     9    10    -2    13     3
     9     7     2     2     7
     9     8    -1     5     7
    10     1    13    18     8
    10     5     8    17     1
    10     6    11    17     5
    10     7     4    22     5
    10     8     4     9     6
    10     9    -6     2    10
    10    12    -8    26    10
    10     7    -2    10     5
    10     6    -1     6     5
    10     3    12    11     4
    10    11     6    17     4
    10     8    -5     2     6
    11     3    -5    21     9
    11     4     3    22     8
    11     6    14     2     4
    11     7     1    19    10
    11    10    -5    19     4
    11    12     3    26     3
    11     8    12     2     5
    11     3    14     2     4
    11     4    -2    18     7
    12     8     4     4    10
    12    10    15     3     9
    12    11    -1    30     4