nNodes	30
wTime	70
wInco	50
Network
     1     9     7    19     8
     1    10     4     4     9
     2     8     1    21     2
     2    10    13    18     6
     2    16     6    19     8
     2    20    -2    11     7
     2    12     8     6     9
     2    18     8    23     4
     3     4    -3     9     2
     3    17     9     8     2
     3    25     7    18     3
     3    11    10    26     5
     3     9    12     7     8
     3    15    13     6     1
     3    19     7    19    10
     4     3    -4    26     8
     4     9    -1    17     3
     4    23     8     2     7
     4    15     3     5     3
     4    27    -6    28     5
     4    25     5     2     6
     5     8     8    28     7
     5    24    13    26     7
     5     9    -8    10     7
     5    11    10    22     8
     6    13    -1    27     2
     6    28    10     8     9
     6     9    12    28     1
     6    11    13    17     1
     6    22    -3    14    10
     6    24     7    24     5
     7    28    13     7     7
     7    22     9     8     8
     7    25    -5    26     8
     7    27    -6    14     2
     7    28    11    19     8
     8     2    -7     2     6
     8     5     5    23     9
     8    20    -4     1     9
     8    13    -1    25     9
     8    23    -3    19     3
     9     1    -2    30     4
     9     4    -5     8     4
     9     3     9     7     8
     9    26     6    16    10
     9     5     9    12    10
     9     6    -8     5     3
     9    13    -3     7     8
     9    20    -6     5     1
     9    26    -7     9     8
     9    27    11    23     5
    10     1    -3     3     4
    10     2     7    13     3
    10    19    15    19    10
    10    30     5     9     9
    10    19    -3    14     1
    11     3     9     3    10
    11     5     8    11     7
    11     6    -7     7     5
    12    24    -3    28     5
    12    16     4    12     1
    12     2    -4    19     5
    12    30    -5     3     8
    12    19    -8    18    10
    13     6    -1    13     3
    13     8     6    25     6
    13     9     8    15     4
    13    26     1    25     6
    14    30    -3     4     2
    14    15     1    11     5
    14    18    10    12     4
    14    16     5    25     1
    15     4     1    29     6
    15    14    -6     6     7
    15     3     2    18     6
    15    29    -7     2     7
    15    16    -3    10     8
    15    23    11    17     7
    15    24     2     9    10
    15    26     2    12     1
    16     2    -3     9     1
    16    12     9    11     7
    16    22     4    16     5
    16    29     9    26     4
    16    15     4    14     8
    16    14     3    13     3
    16    17    -7    18     9
    17     3    -7     9     7
    17    16    -1     9     1
    17    27     0    11     1
    17    25    -1     2     4
    18    14    13    22     5
    18    26     3    25    10
    18     2    10    10     2
    19    10     0     7     6
    19     3    13    20     5
    19    12    10    22     9
    19    10     4     2     6
    19    29    -6    26     4
    20     2     6    23     9
    20     8    -1    23     6
    20    25     3    16     1
    20     9     5    27     3
    20    25     9    12     6
    21    27    14     3     1
    21    24    -1     4     5
    21    23    -2    27     2
    21    27    -5     5    10
    22     7    13    26    10
    22    16    15    26     4
    22     6     9     7     7
    22    29     5     5     7
    22    27     9     9     2
    23     4    -2    26     6
    23    21    -3    27     4
    23    15     7    10     4
    23     8    12    18     4
    23    25    -4    15     3
    23    27    -2     8     2
    24     5     1     2     3
    24    12    -7     3     4
    24    21     1    28     2
    24     6     6    13    10
    24    25    -5    15     9
    24    28    -5    21     3
    24    15    10    18     7
    24    29    -6     2     7
    25     3     1     9     9
    25     7    10    14     4
    25    20    13    14    10
    25    24     8    14     5
    25    23    12     7     9
    25    20     0    28     1
    25     4    -1    26     9
    25    17    11    17     3
    25    28     7    20     9
    26     9    -4     7     7
    26    13    -6     2    10
    26    18     4    26     6
    26     9    -6     2     9
    26    15     2    28     6
    27     4    13     9     8
    27     7    -1    12    10
    27    17     1    26     1
    27    21    15    16     8
    27    22    -8    11     9
    27    23    -5     3     5
    27    21     3    22     4
    27     9     0     5     9
    27    28    15     1     9
    27    29    15     5    10
    28     6    -1     6     8
    28     7    -3    14     8
    28    24     8     4     6
    28    27     8    15     9
    28     7     7    14     6
    28    25    -7    12     5
    29    15     3    28     5
    29    16    -5     3     8
    29    22    -4     3     3
    29    19    10     4     3
    29    27     2     3     1
    29    24    -3     3     7
    30    10    12    20     8
    30    12    13     8     6
    30    14     9     5     2